100

[(0.7313173444560306, 0.7337244076374511), (0.7381221719457014, 0.8377226707676534), (0.924088880168735, 0.9571629038894026), (0.7095722562021841, 0.7060559052951142)]

   random_score  bayes_score  time_ratio
0     -0.001388    -0.001373    9.110971
1      0.002819     0.001794   17.910855
2      0.001470     0.001455    3.801858
3     -0.002830    -0.005376    4.791996
   random_score  bayes_score  time_ratio
0      0.000682     0.001043    8.607543
1      0.003492     0.003492   17.519783
2     -0.002561    -0.002576    3.285936
3      0.004273     0.004814    8.571895
   random_score  bayes_score  time_ratio
0      0.000000     0.009179   11.824899
1      0.003364     0.001666   21.963220
2      0.000778     0.001205    4.868045
3      0.002740    -0.000261    5.561116

  test_type  random_mean  random_median  bayes_mean  bayes_median  time_mean  \
0     C_100     0.000018       0.000041   -0.000875      0.000041   8.903920   
1    l1_100     0.001472       0.002087    0.001693      0.002268   9.496289   
2               0.001721       0.001759    0.002947      0.001435  11.054320   

   time_median  
0     6.951483  
1     8.589719  
2     8.693008    

   relative_random_mean  relative_bayes_mean  relative_random_median  \
0              0.010407            -0.296815                0.023350   
1              0.855382             0.574536                1.186648   

   relative_bayes_median  
0               0.028827  
1               1.579783  

140 

[(0.7246553122465531, 0.7139636530940878), (0.7332202111613877, 0.8291041906958861), (0.9267915828714377, 0.9558960660710003), (0.7076545751831891, 0.7109510049278877)]

   random_score  bayes_score  time_ratio
0      0.006662     0.003448    9.787245
1      0.009163     0.011983   19.329395
2      0.002074     0.002221    3.971060
3     -0.001674    -0.001855    4.836018
   random_score  bayes_score  time_ratio
0      0.014599     0.014599    7.623124
1      0.012047     0.012079   18.126382
2      0.000221     0.000354    3.339638
3      0.000422     0.000543    7.649208
   random_score  bayes_score  time_ratio
0      0.009069     0.018248   11.824899
1      0.011983     0.010285   21.963220
2      0.002045     0.002472    4.868045
3      0.001361    -0.001639    5.561116

  test_type  random_mean  random_median  bayes_mean  bayes_median  time_mean  \
0     C_140     0.004056       0.004368    0.003949      0.002835   9.480929   
1    l1_140     0.006822       0.006235    0.006893      0.006311   9.184588   
2               0.006114       0.005557    0.007341      0.006378  11.054320   

   time_median  
0     7.311632  
1     7.636166  
2     8.693008  

   relative_random_mean  relative_bayes_mean  relative_random_median  \
0              0.663420             0.537955                0.786059   
1              1.115743             0.939003                1.121902   

   relative_bayes_median  
0               0.444484  
1       